before: 2	-8.619232e-02	
after: 1	0.000000e+00	
